cam0:
  T_cam_imu:
  - [-0.009631612856615068, -0.9995148877261694, -0.029617921053357088, 0.00027806731842564474]
  - [-0.04145916152226403, 0.029992987801087834, -0.9986899211510218, -0.0011644793029670856]
  - [0.9990937743573676, -0.008391060511425297, -0.04172793002106018, 0.0006414264996627106]
  - [0.0, 0.0, 0.0, 1.0]
  camera_model: omni
  distortion_coeffs: [0.8560437616, 17.43165613, 0.0, 0.0]
  distortion_model: radtan
  intrinsics: [3.28244682, 822.8369, 824.154721, 322.830094, 203.9253462]
  resolution: [640, 460]
  rostopic: /cam0/image_raw
  timeshift_cam_imu: -0.010538112627316827
