cam0:
  camera_model: pinhole
  distortion_coeffs: [-0.0016509958435871643, 0.02437222940989351, -0.03582816956989852,
    0.019860839087717054]
  distortion_model: equidistant
  intrinsics: [461.487246372674, 460.1113992557959, 356.39105303227853, 231.15719697054647]
  resolution: [752, 480]
  rostopic: /cam0/image_raw

