cam0:
  T_cam_imu:
  - [-0.10462023960137395, 0.9676603666854413, -0.22953871179377944, 0.0009350827123728201]
  - [-0.11620116527573132, 0.2173303816370624, 0.9691567439821334, 0.006894218090548833]
  - [0.9877003060920415, 0.1280660765530257, 0.08970610560046233, -0.004077740429741456]
  - [0.0, 0.0, 0.0, 1.0]
  camera_model: pinhole
  distortion_coeffs: [1.2828, 0.0304, 0.0166, -0.0138]
  distortion_model: equidistant
  intrinsics: [206.6688, 206.9523, 326.0185, 205.8282]
  resolution: [640, 460]
  rostopic: /cam0/image_raw
  timeshift_cam_imu: -0.010538112627316827
