cam0:
  camera_model: onmi/radial
  distortion_coeffs: [-0.0578, 0.0052, -0.00030508, 0.000072296]
  distortion_model: equidistant
  intrinsics: [0.8731, 299.5620, 299.3870, 320.0354, 230.0574]
  resolution: [640, 460]
  rostopic: /pleora_polarcam_driver/image_raw

