cam0:
  T_cam_imu:
  - [0.015290354435111814, -0.9996205403897038, 0.02291244841225154, 9.976516758237338e-05]
  - [-0.11319255695968805, -0.024498320961065884, -0.99327099893182, -0.0005522797278369276]
  - [0.9934554092208545, 0.012593947001795336, -0.11352419296669555, -0.0004341887323105883]
  - [0.0, 0.0, 0.0, 1.0]
  camera_model: omni
  distortion_coeffs: [-0.0578, 0.0052, -0.00030508, 7.2296e-05]
  distortion_model: radtan
  intrinsics: [0.8731, 299.562, 299.387, 320.0354, 230.0574]
  resolution: [640, 460]
  rostopic: /cam0/image_raw
  timeshift_cam_imu: -0.010538112627316827
