cam0:
  camera_model: pinhole
  distortion_coeffs: [1.2828, 0.0304, 0.0166, -0.0138]
  distortion_model: equidistant
  intrinsics: [206.6688, 206.9523, 326.0185, 205.8282]
  resolution: [640, 460]
  rostopic: /pleora_polarcam_driver/image_raw

