cam0:
  T_cam_imu:
  - [0.008117130551750867, -0.9990691259516211, 0.04236736670913965, 0.0005711696332161747]
  - [-0.10641180015835, -0.042991194239601654, -0.9933923122336459, 0.00026135991626133673]
  - [0.9942890128019429, 0.003555107328017615, -0.10666170931135996, 6.829497726803171e-05]
  - [0.0, 0.0, 0.0, 1.0]
  camera_model: omni
  distortion_coeffs: [-0.0578, 0.0052, -0.00030508, 7.2296e-05]
  distortion_model: radtan
  intrinsics: [0.8731, 149.781, 149.6935, 160.0177, 115.0287]
  resolution: [320, 260]
  rostopic: /cam0/image_raw
  timeshift_cam_imu: -0.010538112627316827
