cam0:
  T_cam_imu:
  - [-0.08771459963777653, -0.989242421606666, -0.11707083455823913, 0.00037448797089502676]
  - [-0.47429038571544413, 0.1448215207126403, -0.8683751246761806, -3.594519790586958e-05]
  - [0.875987887489478, -0.020643605117719288, -0.4818911314181492, -0.0024020200239972334]
  - [0.0, 0.0, 0.0, 1.0]
  camera_model: omni
  distortion_coeffs: [1.2828, 0.0108, -0.02, 0.0167]
  distortion_model: radtan
  intrinsics: [1, 207.06448, 206.66068, 324.838, 208.3764]
  resolution: [640, 460]
  rostopic: /cam0/image_raw
  timeshift_cam_imu: -0.010538112627316827
