cam0:
  T_cam_imu:
  - [-0.017677433394358455, -0.9995489783086865, 0.02427649708358265, -4.166280478319783e-05]
  - [-0.037238927004929256, -0.02360524733956415, -0.9990275544816368, -0.00015569912270111237]
  - [0.9991500241025417, -0.01856427375630887, -0.036804851253486315, -0.00011613409341530424]
  - [0.0, 0.0, 0.0, 1.0]
  camera_model: omni
  distortion_coeffs: [0.8560437616, 17.43165613, 0.0, 0.0]
  distortion_model: radtan
  intrinsics: [3.282446, 411.4184, 412.0773, 161.415, 101.9626]
  resolution: [320, 260]
  rostopic: /cam0/image_raw
  timeshift_cam_imu: -0.007262887947536035
