cam0:
  T_cam_imu:
  - [0.032310811589887786, -0.9862491633534365, 0.16207590579432085, -0.00016046291149872917]
  - [-0.554820231739602, -0.15258008206421914, -0.8178592965844985, -0.00023079457755704756]
  - [0.8313426020040218, -0.06349729397323112, -0.5521209756486888, -0.0008063242469760607]
  - [0.0, 0.0, 0.0, 1.0]
  camera_model: omni
  distortion_coeffs: [1.2828, 0.0108, -0.02, 0.0167]
  distortion_model: radtan
  intrinsics: [1, 207.06448, 206.66068, 324.838, 208.3764]
  resolution: [640, 460]
  rostopic: /cam0/image_raw
  timeshift_cam_imu: -0.007262887947536035
