cam0:
  T_cam_imu:
  - [-0.006790983943233825, -0.999400795944229, 0.03394011790086082, 4.3226391339645994e-05]
  - [-0.10426957765244799, -0.03304818118557948, -0.9939998354610052, -0.00028166204702009725]
  - [0.9945258858940088, -0.010289158681189847, -0.10398266923084071, 3.9492706180815905e-05]
  - [0.0, 0.0, 0.0, 1.0]
  camera_model: omni
  distortion_coeffs: [-0.0578, 0.0052, -0.00030508, 7.2296e-05]
  distortion_model: radtan
  intrinsics: [0.8731, 299.562, 299.387, 320.0354, 230.0574]
  resolution: [640, 460]
  rostopic: /cam0/image_raw
  timeshift_cam_imu: -0.007262887947536035
