cam0:
  T_cam_imu:
  - [-0.005634117963060403, -0.9987618388793534, -0.049427177879286854, -0.0017719572304903297]
  - [-0.3960534156541303, 0.04761469853771144, -0.9169921114338222, 0.0003739694692279586]
  - [0.9182101876277974, 0.014409360898221812, -0.3958313045415051, -0.0010377434816963445]
  - [0.0, 0.0, 0.0, 1.0]
  camera_model: omni
  distortion_coeffs: [1.2828, 0.0304, 0.0166, -0.0138]
  distortion_model: radtan
  intrinsics: [1, 103.3344, 103.4761, 163.0093, 102.9141]
  resolution: [320, 260]
  rostopic: /cam0/image_raw
  timeshift_cam_imu: -0.010538112627316827
