cam0:
  T_cam_imu:
  - [0.019406552861735066, -0.989849641048114, 0.14078733544940597, -0.0003911697108788461]
  - [-0.50752711545043, -0.13107537615869072, -0.8516075814877546, -0.0014432469367251213]
  - [0.8614172118019174, -0.054926622704992656, -0.5049192542670886, 0.0016520337448804804]
  - [0.0, 0.0, 0.0, 1.0]
  camera_model: omni
  distortion_coeffs: [1.2828, 0.0304, 0.0166, -0.0138]
  distortion_model: radtan
  intrinsics: [1, 103.3344, 103.4761, 163.0093, 102.9141]
  resolution: [320, 260]
  rostopic: /cam0/image_raw
  timeshift_cam_imu: -0.007262887947536035
