cam0:
  T_cam_imu:
  - [-0.019493012197083687, -0.9994328799662573, 0.02745798459164367, -0.00019846361998654728]
  - [-0.05660294147352274, -0.026316000896583175, -0.9980498860845353, -0.00034841354574467227]
  - [0.9982064563465953, -0.02100920129756556, -0.05605786268498894, 1.4289121964638787e-05]
  - [0.0, 0.0, 0.0, 1.0]
  camera_model: omni
  distortion_coeffs: [0.8560437616, 17.43165613, 0.0, 0.0]
  distortion_model: radtan
  intrinsics: [3.28244682, 822.8369, 824.154721, 322.830094, 203.9253462]
  resolution: [640, 460]
  rostopic: /cam0/image_raw
  timeshift_cam_imu: -0.007262887947536035
