cam0:
  T_cam_imu:
  - [0.0036261616566165, -0.9996097476120923, 0.027698437329997883, -0.0009462410659823631]
  - [-0.10968600030983444, -0.027929080912176663, -0.9935738260317785, 0.00019912402279001967]
  - [0.99395967337094, 0.0005647285054141138, -0.10974447044860194, -0.0030824254595322766]
  - [0.0, 0.0, 0.0, 1.0]
  camera_model: omni
  distortion_coeffs: [-0.0578, 0.0052, -0.00030508, 7.2296e-05]
  distortion_model: radtan
  intrinsics: [0.8731, 149.781, 149.6935, 160.0177, 115.0287]
  resolution: [320, 260]
  rostopic: /cam0/image_raw
  timeshift_cam_imu: -0.007262887947536035
