cam0:
  T_cam_imu:
  - [-0.0031020826392164913, -0.9999146675819913, -0.012689942383558916, 0.0005295017874060928]
  - [-0.029545939679920807, 0.012776110236959931, -0.999481769946629, -0.0006371694413821433]
  - [0.9995586098532354, -0.0027255387745583892, -0.02958305100320824, 0.000342127553741654]
  - [0.0, 0.0, 0.0, 1.0]
  camera_model: omni
  distortion_coeffs: [0.8560437616, 17.43165613, 0.0, 0.0]
  distortion_model: radtan
  intrinsics: [3.282446, 411.4184, 412.0773, 161.415, 101.9626]
  resolution: [320, 260]
  rostopic: /cam0/image_raw
  timeshift_cam_imu: -0.010538112627316827
