cam0:
  T_cam_imu:
  - [-0.15526982770756884, 0.9842566268490849, 0.0844403523637956, 0.0014673274575734566]
  - [-0.2425454653220327, -0.12084343454961802, 0.962584314009931, 0.0012642397767468044]
  - [0.9576340521594766, 0.12897967603429722, 0.25749032081751577, -0.0005155096139155425]
  - [0.0, 0.0, 0.0, 1.0]
  camera_model: pinhole
  distortion_coeffs: [1.2828, 0.0304, 0.0166, -0.0138]
  distortion_model: equidistant
  intrinsics: [206.6688, 206.9523, 326.0185, 205.8282]
  resolution: [640, 460]
  rostopic: /cam0/image_raw
  timeshift_cam_imu: -0.007262887947536035
