cam0:
  camera_model: omni
  distortion_coeffs: [1.2828, 0.0108, -0.0200, 0.0167]
  distortion_model: radtan
  intrinsics: [1, 207.06448, 206.66068, 324.8380, 208.3764]
  T_cam_imu:
  - [0.8977257229876097, -0.4320554845204866, 0.08611959464686993, 0.0]
  - [0.4387232273515446, 0.8945527490377653, -0.08542428794682391, 0.0]
  - [-0.040130488018692935, 0.11447024715944581, 0.9926157899442447, 0.0]
  - [0.0, 0.0, 0.0, 1.0]
  resolution: [640, 460]
  rostopic: /cam0/image_raw
  timeshift_cam_imu: -0.010538112627316827
