cam0:
  T_cam_imu:
  - [0.9950434118618766, -0.07768331343311957, 0.06207987857854943, 0.0]
  - [0.07273089858788251, 0.9942649626067745, 0.07840536029601808, 0.0]
  - [-0.0678146363322468, -0.07350161186396502, 0.9949867778782411, 0.0]
  - [0.0, 0.0, 0.0, 1.0]
  camera_model: omni
  distortion_coeffs: [0.8560437616, 17.43165613, 0.0, 0.0]
  distortion_model: radtan
  intrinsics: [3.282446, 411.4184, 412.0773, 161.4150, 101.9626]
  resolution: [320, 260]
  rostopic: /cam0/image_raw
  timeshift_cam_imu: -0.007262887947536035
