cam0:
  T_cam_imu:
  - [0.8977257229876097, -0.4320554845204866, 0.08611959464686993, 0.0]
  - [0.4387232273515446, 0.8945527490377653, -0.08542428794682391, 0.0]
  - [-0.040130488018692935, 0.11447024715944581, 0.9926157899442447, 0.0]
  - [0.0, 0.0, 0.0, 1.0]
  camera_model: pinhole
  distortion_coeffs: [1.2828, 0.0304, 0.0166, -0.0138]
  distortion_model: equidistant
  intrinsics: [103.3344, 103.4761, 163.0093, 102.9141]
  resolution: [320, 260]
  rostopic: /cam0/image_raw
  timeshift_cam_imu: -0.010538112627316827
