cam0:
  camera_model: pinhole/radial
  distortion_coeffs: [1.2828, 0.0304, 0.0166, -0.0138]
  distortion_model: equidistant
  intrinsics: [103.3344, 103.4761, 163.0093, 102.9141]
  T_cam_imu: 
  - [0.01779318, 0.99967549,-0.01822936, 0.07008565]
  - [-0.9998017, 0.01795239, 0.00860714,-0.01771023]
  - [0.00893160, 0.01807260, 0.99979678, 0.00399246]
  - [0.0, 0.0, 0.0, 1.0]
  timeshift_cam_imu: -8.121e-05
  resolution: [320, 230]
  rostopic: /cam0/image_raw

