cam0:
  T_cam_imu:
  - [0.9950434118618766, -0.07768331343311957, 0.06207987857854943, 0.0]
  - [0.07273089858788251, 0.9942649626067745, 0.07840536029601808, 0.0]
  - [-0.0678146363322468, -0.07350161186396502, 0.9949867778782411, 0.0]
  - [0.0, 0.0, 0.0, 1.0]
  camera_model: pinhole
  distortion_coeffs: [1.2828, 0.0304, 0.0166, -0.0138]
  distortion_model: equidistant
  intrinsics: [103.3344, 103.4761, 163.0093, 102.9141]
  resolution: [320, 260]
  rostopic: /cam0/image_raw
  timeshift_cam_imu: -0.007262887947536035
